FA = 3.14159265f
FB = 9876.54321f
FC = 123456789.0123456789f
FD = 2.71832818284f
FF = 555.888f
FG = 0.12345678f
FI = 12345.6789f
FJ = 12345.6789f
