A = 1.23456, 2.34567, 3.45678, 4.56789, 5.67890
B = 0.123, 1.234, 2.345, 3.456, 4.567

